user_examples/grasslands/data/hab.map.master.zo1.asc
ncols         832
nrows         782
xllcorner     0
yllcorner     0
cellsize      50
NODATA_value  -9999
[rows 592 to 628 of 782, columns 0 to 81 of 832]
0 0 0 0 0 0 0 0.2096491 0.2096491 0.4605263 0.4991228 0.6052632 0.6052632 0.6149123 0.4701754 0.4798246 0.595614 0.5666667 0.3350877 0.4991228 0 0 0.4219298 0 0 0.2385965 0.2868421 0.4219298 0.6052632 0.3254386 0.3929825 0.4798246 0 0 0.6438596 0.672807 0.595614 0.5570176 0.4798246 0.4315789 0.3736842 0 0 0.3929825 0.6535088 0.595614 0.4798246 0.3929825 0.4026316 0 0.2385965 0 0 0.2385965 0.2192982 0.6245614 0.6245614 0.6342105 0.6631579 0.6149123 0.6149123 0 0 0 0 0 0.2289474 0.3736842 0.5280702 0.5763158 0.595614 0.5666667 0.5473684 0.6342105 0.7114035 0.4122807 0.508772 0.4701754 0.3929825 0.4315789 0.4122807 0
0.4991228 0.4798246 0.5377193 0.4412281 0.2675439 0.2578947 0 0 0 0 0 0 0 0 0 0.4991228 0.595614 0.595614 0.4798246 0 0.4798246 0.5666667 0.6052632 0 0 0 0 0 0.2482456 0.4508772 0.3929825 0.4894737 0 0 0.4798246 0.6921052 0.7017544 0.6438596 0.5473684 0.2868421 0 0 0 0.4122807 0.4219298 0.3061404 0.4894737 0.595614 0.6824561 0.6245614 0.5666667 0.4315789 0.4508772 0.4315789 0.5666667 0.6149123 0.354386 0.6052632 0.6535088 0.6438596 0.5377193 0.4701754 0.277193 0.5184211 0.4508772 0.5280702 0.5377193 0.2675439 0.3833333 0.672807 0.6149123 0.6921052 0.6438596 0.6438596 0.7210526 0.6052632 0.5763158 0.4894737 0.4122807 0.4798246 0.3157895 0
0.5377193 0.5763158 0.5570176 0.5473684 0.4701754 0.5184211 0.508772 0.4508772 0.4701754 0.2868421 0 0 0 0 0 0 0 0 0 0.4605263 0.5666667 0.6149123 0.6149123 0.3447368 0 0 0 0 0 0 0.3640351 0 0 0 0.2675439 0.6631579 0.7114035 0.6921052 0.6342105 0.2385965 0 0 0.4315789 0.3254386 0.3447368 0 0.2192982 0.5473684 0.6149123 0.5377193 0.5280702 0.595614 0.6245614 0.6438596 0.6149123 0.5859649 0.5377193 0.6342105 0.6535088 0.595614 0.3157895 0.3157895 0.2096491 0.4508772 0.5473684 0.5377193 0.3061404 0.354386 0.5377193 0.4701754 0.5763158 0.6438596 0.7017544 0.7017544 0.7210526 0.6824561 0.6342105 0.5763158 0.4894737 0.4701754 0 0
0.5473684 0.5666667 0.595614 0.5763158 0.4894737 0.4219298 0.4701754 0.3833333 0.4508772 0.3736842 0.354386 0.4026316 0.5666667 0.5570176 0.4991228 0.4219298 0.3061404 0.2385965 0.3447368 0.4122807 0.4894737 0.4605263 0.5570176 0.2192982 0 0.2482456 0 0 0 0 0.2675439 0.2289474 0.3833333 0.5763158 0.3833333 0.3736842 0.4315789 0.6824561 0.6535088 0.2482456 0 0.3350877 0 0.5280702 0 0 0 0.4894737 0.5666667 0.4605263 0.4315789 0.4894737 0.6245614 0.6245614 0.6438596 0.6342105 0.5859649 0.6052632 0.5763158 0.5859649 0.277193 0.354386 0.5280702 0.4122807 0.4315789 0.3157895 0.3736842 0.6149123 0.508772 0 0.3447368 0.6824561 0.6921052 0.4508772 0.5377193 0.4991228 0.4219298 0.5570176 0.4701754 0.5377193 0 0
0.5666667 0.5570176 0.5473684 0.5763158 0.5666667 0.5377193 0.4508772 0.3350877 0.3736842 0.3640351 0.4026316 0.508772 0.5280702 0.5184211 0.4894737 0.4122807 0.3833333 0.2868421 0.2192982 0.2385965 0 0.3929825 0.3447368 0.3929825 0.4508772 0.508772 0 0 0 0 0 0.4508772 0.508772 0.5859649 0.354386 0 0.3929825 0.6824561 0.672807 0.4122807 0.2289474 0.4122807 0 0.3157895 0 0 0 0.4412281 0.6245614 0.5377193 0.5280702 0.5666667 0.5570176 0.6149123 0.6052632 0.5763158 0.5666667 0.5280702 0.5184211 0.4122807 0.4508772 0.6245614 0.595614 0.2868421 0.3254386 0.4026316 0.5570176 0.5570176 0 0.2868421 0 0.3736842 0.5280702 0.5570176 0.5184211 0.2482456 0.5184211 0.4412281 0.4315789 0.4315789 0 0
0.5473684 0.5377193 0.5666667 0.5666667 0.5570176 0.5473684 0.508772 0.4894737 0.4894737 0.3833333 0.3736842 0.4991228 0.5377193 0.508772 0.4412281 0.4894737 0.4315789 0.5184211 0.4798246 0.3640351 0.4315789 0.3833333 0.3640351 0.4315789 0.6052632 0.5377193 0 0 0 0 0 0.4894737 0 0.595614 0 0.2482456 0.4412281 0.6535088 0.672807 0.6535088 0.6245614 0 0.4219298 0.4701754 0 0 0 0.3736842 0.3254386 0.4508772 0.6052632 0.6149123 0.6052632 0.6631579 0.6342105 0.6438596 0.6438596 0.4219298 0.4508772 0.4701754 0.5666667 0.6631579 0.6535088 0.5859649 0.3350877 0.4315789 0.6342105 0.6245614 0.4605263 0.595614 0.5184211 0.4701754 0.5473684 0.5280702 0.4991228 0 0.3447368 0.3254386 0.4798246 0.3929825 0.3447368 0.2578947
0.5666667 0.5473684 0.5473684 0.5473684 0.5666667 0.5184211 0.4991228 0.5280702 0.4412281 0.4605263 0.508772 0.5377193 0.2868421 0 0.3447368 0.508772 0.4798246 0.5184211 0.4219298 0.4701754 0.5377193 0.5570176 0.5666667 0.4991228 0.6245614 0.595614 0 0 0 0 0 0.3447368 0.3929825 0.2482456 0 0 0.6245614 0.6535088 0.7017544 0.595614 0.6052632 0 0.2096491 0.4122807 0 0 0.3061404 0 0 0.2385965 0.5377193 0.672807 0.6438596 0.672807 0.6535088 0.6631579 0.6824561 0.6149123 0.4798246 0.5570176 0.4026316 0.4026316 0.6342105 0.6438596 0.5280702 0.3157895 0.5184211 0.6052632 0.7017544 0.7017544 0.6535088 0.5473684 0.5570176 0.6631579 0.5377193 0.4508772 0.4026316 0.5666667 0.4026316 0.3640351 0.3833333 0.4605263
0.5473684 0.5377193 0.5377193 0.5473684 0.5473684 0.5280702 0.5473684 0.5570176 0.508772 0.4991228 0.5184211 0.5184211 0 0 0.3447368 0.4798246 0.4701754 0.4701754 0.4219298 0.2578947 0.508772 0.5473684 0.5763158 0.5184211 0.6149123 0.6149123 0 0 0.3157895 0 0.4798246 0.6245614 0.2578947 0 0 0.2096491 0.3061404 0.6149123 0.7017544 0.6438596 0.4701754 0.2192982 0 0.4412281 0 0 0.2868421 0.6245614 0.5184211 0.3447368 0.5666667 0.6631579 0.6631579 0.6631579 0.6535088 0.6438596 0.672807 0.5377193 0.3929825 0.4701754 0.354386 0.277193 0.6052632 0.6535088 0.672807 0.5763158 0.4508772 0.4894737 0.6245614 0.6921052 0.6921052 0.7017544 0.7403509 0.672807 0.4798246 0.4798246 0.4412281 0.4315789 0.4026316 0.4701754 0.4219298 0.4122807
0.5570176 0.5377193 0.5377193 0.5280702 0.5377193 0.5570176 0.5570176 0.5473684 0.4122807 0.4605263 0.4219298 0.3833333 0.2868421 0 0 0.4798246 0.5184211 0.5473684 0.4701754 0.354386 0.4412281 0.4412281 0.5280702 0.4991228 0.5280702 0.4701754 0 0.6052632 0.6342105 0.5763158 0.6342105 0.4605263 0.4605263 0.4894737 0.2964912 0.5377193 0.4894737 0.4412281 0.6921052 0.6245614 0.6438596 0.4219298 0 0.3833333 0 0 0 0.6535088 0.595614 0.4894737 0.6342105 0.6535088 0.6438596 0.5570176 0.3929825 0.595614 0.6245614 0.6631579 0.3736842 0.3061404 0.3736842 0 0.5473684 0.5666667 0.5184211 0.6245614 0.508772 0.5763158 0.672807 0.6824561 0.6631579 0.5473684 0.6245614 0.672807 0.4605263 0.3061404 0 0 0.5859649 0.4701754 0.4605263 0.3640351
0.5377193 0.5377193 0.5473684 0.5666667 0.5666667 0.5570176 0.5377193 0 0 0 0 0 0 0 0 0.4894737 0.5377193 0.5570176 0.5473684 0.508772 0.5377193 0.4315789 0.4991228 0.5184211 0.508772 0.5473684 0.4219298 0.6245614 0.6149123 0.5859649 0.5763158 0.6149123 0.4508772 0.6631579 0.3736842 0.6438596 0.6824561 0.4026316 0.5859649 0.6631579 0.7017544 0 0 0.2964912 0.2482456 0 0.2964912 0.354386 0.6342105 0.6342105 0.5859649 0.6149123 0.6342105 0.5570176 0.595614 0.6824561 0.6824561 0.595614 0.6342105 0.4991228 0.6052632 0 0 0.4026316 0.2868421 0.4894737 0.4508772 0.2675439 0.4894737 0.6921052 0.5666667 0.5184211 0.508772 0.672807 0.595614 0.5184211 0 0.4219298 0.6052632 0.5859649 0.5377193 0.5473684
0 0.277193 0 0.2578947 0.4894737 0.5473684 0 0 0 0 0 0 0.3833333 0.4122807 0 0.5280702 0.5473684 0.5377193 0.5570176 0.5763158 0.5763158 0.5570176 0.5184211 0.5184211 0.5280702 0.5666667 0.5184211 0.6438596 0.5859649 0.6245614 0.6149123 0.6438596 0.6438596 0.6631579 0.5666667 0.4122807 0.3640351 0.4219298 0.3447368 0.5280702 0.6342105 0 0.2096491 0.2482456 0.5666667 0.4508772 0.4315789 0.5184211 0.4798246 0.6342105 0.4315789 0.4991228 0.6631579 0.6438596 0.6631579 0.6824561 0.7017544 0.6824561 0.6824561 0.6149123 0.4894737 0 0 0.4122807 0.3350877 0.4508772 0.4315789 0 0.5377193 0.4894737 0.3254386 0.4026316 0.4026316 0.4991228 0.2868421 0.3157895 0 0.2482456 0.6342105 0.5859649 0.672807 0.5859649
0 0 0 0 0 0.4412281 0.2868421 0 0 0 0 0.3640351 0.4412281 0.4122807 0 0.508772 0.5473684 0.5763158 0.5473684 0.5763158 0.5280702 0.5859649 0.5473684 0.5377193 0.4894737 0.5280702 0.6245614 0.6245614 0.595614 0.6438596 0.6438596 0.6245614 0.6438596 0.5763158 0.5666667 0.4605263 0.2964912 0.4122807 0.4412281 0.4991228 0.5473684 0.4219298 0.6245614 0.4315789 0.5763158 0.6535088 0.6438596 0.672807 0.672807 0.6245614 0.6631579 0.6342105 0.6631579 0.672807 0.6921052 0.6921052 0.6824561 0.672807 0.4894737 0.2964912 0.3833333 0 0 0 0.2868421 0.5377193 0.4219298 0 0.4122807 0.4219298 0.3157895 0.3157895 0 0.3157895 0 0 0.2675439 0 0.2192982 0.4508772 0 0
0 0 0 0 0 0 0 0 0 0 0 0 0 0 0 0.4508772 0.5377193 0.5570176 0.5473684 0.5666667 0.5859649 0.5570176 0.5666667 0.277193 0 0.595614 0.6342105 0.6149123 0.595614 0.6438596 0.6245614 0.6342105 0.595614 0.595614 0.4991228 0.4605263 0.5473684 0.5280702 0.5184211 0.508772 0.5666667 0.6535088 0.5184211 0.5859649 0.5666667 0.5859649 0.6245614 0.6438596 0.5859649 0.6438596 0.6438596 0.6438596 0.6052632 0.6631579 0.6631579 0.672807 0.6921052 0.6631579 0.4894737 0.3350877 0.3736842 0.2868421 0 0 0.277193 0.4798246 0.2385965 0 0 0.2096491 0.2868421 0.277193 0.3929825 0.4315789 0.5377193 0.2289474 0.3061404 0 0 0 0 0.5184211
0 0 0 0 0 0 0 0 0 0 0 0 0.4508772 0.5473684 0.5570176 0.5473684 0.5666667 0.5570176 0.5666667 0.595614 0.6052632 0.5473684 0.4798246 0 0 0 0.3447368 0.4894737 0.5859649 0.6631579 0.6245614 0.6342105 0.5859649 0.5666667 0.5377193 0.5570176 0.5859649 0.4894737 0.5570176 0.5763158 0.5280702 0.4798246 0.2578947 0.5184211 0.6438596 0.6245614 0.6438596 0.5280702 0.595614 0.672807 0.672807 0.672807 0.6149123 0.6535088 0.6535088 0.6921052 0.7017544 0.6631579 0.4991228 0.3447368 0 0 0 0 0.4315789 0.4026316 0 0 0 0 0 0.277193 0.354386 0.3447368 0.595614 0.4508772 0.3929825 0.2868421 0 0 0 0.6149123
0 0 0 0 0 0 0 0 0 0 0.2192982 0.5570176 0.5184211 0.5280702 0.5570176 0.5377193 0.5666667 0.5666667 0.5570176 0.6052632 0.595614 0.5377193 0.5184211 0 0 0 0 0 0.5280702 0.6342105 0.6149123 0.5570176 0.5570176 0.6052632 0.595614 0.6149123 0.6342105 0.6149123 0.6245614 0.6245614 0.2385965 0 0 0 0.3929825 0.508772 0 0.2675439 0.6149123 0.6245614 0.6824561 0.672807 0.5859649 0.595614 0.5666667 0.7017544 0.7114035 0.672807 0.5184211 0.3157895 0 0 0.2482456 0.4605263 0.3350877 0.3447368 0.3833333 0 0 0 0 0 0 0.3254386 0.4412281 0.3157895 0 0.2868421 0 0 0 0.277193
0 0 0 0 0 0 0 0 0 0 0.3061404 0.595614 0.5377193 0.5859649 0.5763158 0.5473684 0.5763158 0.5280702 0.5184211 0.5763158 0.5763158 0.5570176 0 0 0 0 0 0 0 0.595614 0.6245614 0.6149123 0.6052632 0.595614 0.6052632 0.595614 0.6052632 0.6342105 0.4315789 0 0 0 0 0 0 0.6149123 0.3929825 0.3833333 0 0.672807 0.6921052 0.672807 0.6535088 0.6535088 0.6631579 0.7017544 0.6824561 0.5763158 0.4219298 0.2096491 0.2385965 0 0.4412281 0.4605263 0.4315789 0.4798246 0.4894737 0.4412281 0.2096491 0 0 0 0 0 0 0.2096491 0 0 0 0 0 0
0 0 0 0 0 0 0 0 0 0 0.5377193 0.5280702 0.3157895 0.2868421 0.5666667 0.5666667 0.5666667 0.5859649 0.595614 0.5763158 0.5473684 0.3447368 0 0 0 0 0 0 0 0.4605263 0.6149123 0.6052632 0.6052632 0.5859649 0.5763158 0.2868421 0.354386 0 0 0 0 0 0 0 0.3640351 0.6342105 0.5184211 0.2482456 0 0.6052632 0.6631579 0.672807 0.6824561 0.6921052 0.7017544 0.7017544 0.7210526 0.5570176 0.4894737 0.3254386 0 0.4991228 0.354386 0.2096491 0.5570176 0 0.4219298 0 0.3061404 0.2482456 0 0 0.4315789 0 0 0 0 0 0 0 0 0
0 0 0 0 0 0 0 0 0 0 0.5473684 0.5763158 0.4412281 0.5666667 0.4701754 0.3447368 0 0 0 0 0 0 0 0 0 0 0 0 0 0 0.3254386 0.3350877 0.354386 0 0 0 0 0 0 0 0 0 0 0.4798246 0.6245614 0.6052632 0.672807 0.6631579 0.6052632 0.6149123 0.6438596 0.6921052 0.7017544 0.7017544 0.6921052 0.6921052 0.6149123 0.4605263 0.3061404 0.4605263 0 0 0 0 0 0.3447368 0.3254386 0.2675439 0 0 0 0 0.2289474 0 0 0 0 0 0 0 0 0.3254386
0 0 0 0 0 0 0 0 0 0 0.5763158 0.4508772 0.5473684 0.4605263 0.3736842 0 0 0 0 0 0 0 0 0 0 0 0 0 0.2289474 0.277193 0 0.2096491 0 0 0 0 0 0 0 0 0.2096491 0.4701754 0.6342105 0.6438596 0.6438596 0.6631579 0.672807 0.3929825 0.4122807 0.5666667 0.6535088 0.6535088 0.6921052 0.7017544 0.6824561 0.7017544 0.7017544 0.5280702 0.2192982 0.508772 0 0 0 0 0 0.2482456 0.2964912 0 0 0 0 0 0 0 0 0 0 0 0 0 0 0.3061404
0 0 0 0 0 0 0 0 0 0 0 0.3640351 0.4412281 0.3157895 0 0 0 0 0 0 0 0 0 0 0 0 0.3640351 0.3447368 0.3736842 0.4026316 0.3929825 0.2385965 0.5377193 0.5859649 0.4991228 0 0 0 0 0.3736842 0.6824561 0.6631579 0.6535088 0.6149123 0.6342105 0.6438596 0.6535088 0.3447368 0.2385965 0.4701754 0.5859649 0.6245614 0.6535088 0.7017544 0.7017544 0.6824561 0.5859649 0 0 0.2192982 0 0.3833333 0.2096491 0.3061404 0 0 0 0.2578947 0.2192982 0 0 0 0 0 0 0 0 0 0 0.3447368 0 0.2385965
0 0 0 0 0 0 0 0 0 0 0 0.277193 0 0 0 0 0 0 0 0 0 0 0 0 0.3350877 0.5763158 0.595614 0.5184211 0.2578947 0 0 0.4315789 0.5859649 0.6245614 0.6149123 0.4991228 0.3061404 0 0.508772 0.672807 0.6631579 0.672807 0.6535088 0.6342105 0.595614 0.6052632 0.6342105 0.3736842 0.2192982 0.5666667 0.5184211 0.508772 0.6052632 0.6824561 0.7114035 0.4894737 0.3061404 0 0.2192982 0 0.2096491 0.3350877 0.354386 0.3447368 0 0 0 0 0 0 0 0.2578947 0 0 0 0 0 0 0 0 0 0.3640351
0 0 0 0 0 0 0 0 0 0 0 0 0 0 0 0 0 0 0 0 0 0 0 0.2482456 0.5184211 0.508772 0.508772 0.4991228 0.2192982 0 0 0.5570176 0.6245614 0.6438596 0.6245614 0.672807 0.6245614 0.672807 0.672807 0.6438596 0.6438596 0.6535088 0.6535088 0.6535088 0.6438596 0.6149123 0.6052632 0.5377193 0.2964912 0.4991228 0.5377193 0.4508772 0.6052632 0.6535088 0.672807 0.2964912 0 0 0 0 0 0 0 0.2096491 0 0 0 0 0.4026316 0.4219298 0 0.2385965 0.2868421 0.3350877 0.4412281 0 0 0 0 0.3254386 0.2096491 0.277193
0 0 0.2289474 0 0 0 0.4219298 0.2868421 0 0 0 0 0 0 0 0 0 0 0 0 0 0.4701754 0.4219298 0.508772 0.5280702 0.2578947 0 0 0 0.4798246 0.3447368 0.4219298 0.6245614 0.6342105 0.6342105 0.6631579 0.6535088 0.6631579 0.6631579 0.6535088 0.6245614 0.6438596 0.6342105 0.6631579 0.6342105 0.6342105 0.6342105 0.6535088 0.4798246 0 0.3350877 0.4122807 0.5377193 0.6824561 0.6438596 0.508772 0.4894737 0.3254386 0.277193 0.277193 0.4315789 0.2578947 0.2192982 0 0.2868421 0 0 0.2096491 0.4605263 0.2868421 0 0.2289474 0 0 0.4412281 0 0 0 0 0.3157895 0 0
0.3061404 0.3736842 0 0.2868421 0.3736842 0.4122807 0.354386 0 0 0 0 0.277193 0.4894737 0.4894737 0.4991228 0.3833333 0.3929825 0.3061404 0 0 0.2385965 0.3254386 0.2385965 0.4412281 0.5570176 0.5184211 0.5473684 0.4894737 0.4701754 0.508772 0.5473684 0.4122807 0.4315789 0.6342105 0.6535088 0.6438596 0.6535088 0.6245614 0.6438596 0.6535088 0.6149123 0.6149123 0.6438596 0.6438596 0.6149123 0.6342105 0.6535088 0.6438596 0.5570176 0 0.4894737 0.5666667 0.6631579 0.7017544 0.6342105 0.6438596 0.4991228 0.5184211 0.6052632 0.5280702 0.3736842 0.3254386 0.2964912 0 0 0 0 0 0.2868421 0 0 0.2868421 0 0.2192982 0 0 0 0 0 0.508772 0 0
0.2675439 0.3061404 0.4605263 0.354386 0.2868421 0.3447368 0.4219298 0 0 0 0 0 0.2385965 0.3833333 0.5184211 0.2385965 0 0 0.3833333 0.4315789 0 0 0.3157895 0.4412281 0.5377193 0.508772 0.5473684 0.5763158 0.5859649 0.4701754 0.5570176 0.4894737 0 0.3254386 0.6052632 0.6342105 0.6631579 0.6631579 0.6438596 0.6438596 0.6438596 0.6342105 0.6342105 0.6052632 0.6245614 0.6535088 0.6438596 0.6438596 0.5666667 0.354386 0.3640351 0.4894737 0.595614 0.595614 0.4991228 0.4122807 0.5473684 0.7017544 0.6535088 0.5184211 0.4026316 0.5377193 0.4605263 0 0.2482456 0 0 0 0 0.2096491 0 0.2385965 0.3640351 0.2964912 0 0 0 0 0.508772 0.2675439 0 0
0.4219298 0.4122807 0.3833333 0.3254386 0 0 0 0 0 0 0 0 0 0.354386 0.5280702 0.3254386 0 0 0.2289474 0 0 0 0 0 0.2675439 0.5473684 0.5473684 0.5859649 0.5280702 0.2385965 0.4605263 0.6342105 0.4122807 0 0.2096491 0.6245614 0.6342105 0.6535088 0.6342105 0.5377193 0.4315789 0.5570176 0.6535088 0.6438596 0.6438596 0.6438596 0.6535088 0.6149123 0.4605263 0.3254386 0 0.3447368 0.6052632 0.2289474 0 0.3061404 0.5473684 0.6824561 0.6631579 0.6149123 0.5473684 0.4508772 0.3736842 0.2385965 0.2868421 0 0 0 0 0 0 0 0.3736842 0.354386 0.3157895 0 0 0.4894737 0.2964912 0.2578947 0 0
0.4026316 0.4508772 0.3640351 0.2964912 0.2096491 0 0 0 0 0 0 0 0.3350877 0.4508772 0.4026316 0.4412281 0.277193 0.2868421 0.2578947 0 0 0 0 0 0.4508772 0.6149123 0.5473684 0.4508772 0 0 0.3157895 0.6342105 0.6535088 0.4605263 0 0.277193 0.6052632 0.6149123 0.354386 0 0 0.2675439 0.5859649 0.6535088 0.672807 0.6631579 0.6535088 0.5763158 0 0 0 0 0 0 0 0.4508772 0.5280702 0.6245614 0.6921052 0.6631579 0.6342105 0.4894737 0.3350877 0.4122807 0.4991228 0.2675439 0 0 0 0 0 0 0 0.2385965 0.5859649 0.5859649 0.3061404 0 0 0 0 0
0 0 0 0.2482456 0 0.2385965 0.3254386 0 0 0 0 0 0 0.4605263 0 0 0 0.3157895 0 0 0 0 0 0 0.4219298 0.4315789 0 0 0 0.5184211 0.4991228 0.4894737 0.3447368 0.4122807 0 0 0 0.595614 0.3350877 0 0 0.3350877 0.508772 0.6631579 0.6631579 0.6245614 0.672807 0.3350877 0 0.3640351 0 0 0 0 0 0.3447368 0.3640351 0.277193 0.6631579 0.6824561 0.6342105 0.4991228 0.2482456 0.4412281 0.4219298 0.3736842 0 0 0 0 0.2289474 0 0 0.4122807 0.595614 0.508772 0 0 0 0 0 0
0 0 0 0 0 0 0.3157895 0 0 0 0 0.2096491 0 0 0 0 0 0 0 0 0 0 0 0 0 0 0 0.4026316 0.5859649 0.6245614 0.3929825 0 0 0.4026316 0 0 0 0.508772 0.4991228 0.3254386 0.5473684 0.4894737 0.5473684 0.595614 0.6149123 0.6052632 0.672807 0.4701754 0.3640351 0.6535088 0.5184211 0 0 0 0 0 0.3929825 0.277193 0.4122807 0.6921052 0.6824561 0.6535088 0.4122807 0.2868421 0.3447368 0.3736842 0.354386 0 0 0 0 0 0.3929825 0.277193 0.6921052 0.4412281 0 0 0 0 0 0.4026316
0 0 0 0 0 0 0.2192982 0.2675439 0 0 0 0 0 0 0 0 0 0 0 0 0 0 0 0 0 0 0 0.3447368 0.5473684 0.5763158 0.5280702 0 0.2096491 0 0 0 0 0.5473684 0 0.2675439 0.4219298 0.2482456 0.2096491 0 0.508772 0.4026316 0.4219298 0.6342105 0.6535088 0.672807 0.5184211 0.4605263 0.4122807 0 0 0 0.3061404 0.5763158 0.6535088 0.6245614 0.6438596 0.672807 0.6245614 0.3157895 0 0.2578947 0.2868421 0.2192982 0 0 0.2964912 0.4798246 0.4508772 0.2096491 0.7114035 0.3833333 0 0 0 0 0 0.4122807
0 0 0 0 0 0.3929825 0.4605263 0 0 0 0 0 0 0 0 0 0 0 0 0 0 0 0 0 0 0 0.4701754 0.4701754 0.5280702 0.6149123 0.4508772 0.4412281 0.5377193 0.5473684 0.5859649 0.5377193 0.6245614 0.595614 0.6052632 0.3929825 0.3157895 0.3640351 0.2675439 0 0.3929825 0 0.4122807 0.4894737 0.6438596 0.6052632 0.6438596 0.5763158 0.2964912 0 0 0 0 0.5570176 0.508772 0.6438596 0.6052632 0.6631579 0.6824561 0.6052632 0.4798246 0.4412281 0 0.354386 0.508772 0 0 0.4894737 0.2482456 0 0.6149123 0.3447368 0 0 0 0 0 0
0 0 0 0 0 0 0 0 0 0 0 0 0 0 0 0 0 0 0 0 0 0 0 0 0.2192982 0.2385965 0.3736842 0.4026316 0.5184211 0.508772 0 0.4026316 0.595614 0.6438596 0.672807 0.5666667 0.595614 0.5763158 0.5859649 0.6438596 0.5666667 0.6245614 0.595614 0.6631579 0.4026316 0 0.595614 0.6631579 0.672807 0.672807 0.4219298 0.3254386 0.4219298 0 0.4701754 0.4412281 0.354386 0.3833333 0.508772 0.5570176 0.5377193 0.4315789 0.6342105 0.6535088 0.6921052 0.5184211 0.3929825 0.4605263 0.6052632 0.2192982 0 0.3640351 0 0.4315789 0.4605263 0 0 0 0 0 0 0
0 0 0 0 0 0 0 0 0 0 0 0 0 0 0 0 0 0 0 0 0 0 0 0 0.3254386 0 0.5570176 0.4026316 0.6149123 0.2675439 0.5666667 0.4701754 0.3736842 0.6149123 0.672807 0.595614 0.6245614 0.6438596 0.6342105 0.6535088 0.5473684 0.4894737 0.6438596 0.6631579 0.2868421 0.6245614 0.595614 0.6921052 0.6245614 0.4122807 0.4315789 0.2192982 0 0 0.5859649 0.6631579 0.6245614 0.5666667 0.4798246 0.5570176 0.5473684 0.3157895 0 0.6149123 0.6824561 0.5280702 0.5666667 0.3736842 0.4026316 0.4219298 0 0.2096491 0.2096491 0.4122807 0.3833333 0 0 0 0 0 0 0
0 0 0 0 0 0 0 0 0 0 0 0 0 0 0 0 0 0 0 0 0 0 0 0 0.5570176 0.5666667 0.4701754 0.5763158 0.595614 0.4219298 0.5666667 0.5763158 0.5280702 0.6438596 0.6438596 0.6052632 0.6438596 0.6245614 0.6052632 0.6149123 0.6631579 0.6535088 0.6824561 0.6535088 0.5473684 0.6631579 0.3157895 0.5473684 0.3350877 0 0.2868421 0.4412281 0 0 0.2675439 0.6245614 0.4798246 0.2482456 0.4991228 0.5280702 0.4412281 0.5473684 0 0 0.6824561 0.6052632 0.5859649 0.5763158 0.5570176 0.277193 0 0.2289474 0 0.5280702 0 0 0 0 0 0 0 0
0 0 0 0 0 0 0 0 0 0 0 0 0 0 0 0 0 0 0 0 0 0 0 0.3447368 0 0 0.4219298 0.4991228 0.508772 0.2675439 0.5473684 0.2096491 0.3929825 0.6149123 0.6052632 0.6535088 0.6052632 0.6535088 0.5666667 0.6149123 0.5666667 0.5377193 0.6631579 0.6052632 0.672807 0.6245614 0 0.5377193 0.508772 0.4894737 0 0.3254386 0.2964912 0 0 0.4412281 0.3736842 0 0.2192982 0.6052632 0.3640351 0.672807 0.2964912 0 0.4605263 0.4605263 0.6438596 0.2964912 0.4315789 0.4701754 0 0.3157895 0.3157895 0.4026316 0 0 0 0 0 0 0 0
0 0 0 0 0 0 0 0.2675439 0 0 0 0 0 0 0 0 0 0 0 0 0 0 0 0.2096491 0 0 0.2096491 0.2964912 0.2482456 0 0.2096491 0.2289474 0.6245614 0.595614 0.6245614 0.6438596 0.672807 0.672807 0.5859649 0.5666667 0.4508772 0.6245614 0.4701754 0.6149123 0.6342105 0.5859649 0.3640351 0.6438596 0.277193 0.277193 0.3350877 0.4412281 0.508772 0 0 0.2289474 0.2289474 0 0 0.5859649 0.3447368 0.5280702 0.4508772 0.277193 0.595614 0.6342105 0.3640351 0 0.2675439 0.3350877 0.5859649 0.3736842 0.3833333 0 0 0 0 0 0 0 0 0
0 0 0 0 0.2675439 0.4315789 0 0 0 0 0 0 0 0 0 0 0 0 0 0 0 0 0 0 0 0.3350877 0.3833333 0 0 0 0 0.3157895 0.4894737 0.5763158 0.277193 0.5859649 0.3061404 0.508772 0 0.3929825 0.5184211 0.5280702 0 0.4122807 0.3350877 0.4219298 0.4605263 0 0 0 0.4508772 0.6438596 0.5859649 0.5570176 0.6921052 0.5280702 0 0 0 0.2385965 0.4122807 0.5184211 0.3254386 0 0.6052632 0.672807 0.6631579 0 0.2385965 0.3447368 0.4701754 0.5666667 0.3254386 0 0 0 0 0 0 0 0 0
